3.066132600824748700e+00 2.284802198971075393e-02 -2.147756095712849977e-01 -1.325098133808736908e-03 -3.054258933859202441e-01 4.809389535753721967e-02 0.000000000000000000e+00 0.000000000000000000e+00 0.000000000000000000e+00 0.000000000000000000e+00
-1.000320638742772328e+00 1.723926061500613213e-02 3.211046643724823069e-01 -1.380360413154535504e-01 1.947135548810720318e-01 -1.639482750089282792e-01 0.000000000000000000e+00 0.000000000000000000e+00 0.000000000000000000e+00 0.000000000000000000e+00
3.111127911238042110e+00 3.337133593132121656e-02 -3.647146704593778876e-01 3.776711856933512301e-02 -4.422092196890631821e-01 1.413978310586070930e-01 0.000000000000000000e+00 0.000000000000000000e+00 0.000000000000000000e+00 0.000000000000000000e+00
2.969957027877983879e+00 8.380972653612807355e-02 8.720745977662766948e-03 3.811400481723899170e-02 -1.303180705243724979e-01 -6.629675977753488048e-02 0.000000000000000000e+00 0.000000000000000000e+00 0.000000000000000000e+00 0.000000000000000000e+00
-2.670317905749720389e+00 -1.235994483442138109e-01 1.811399570867886499e-01 -2.781032737121718057e-01 2.379743093442512891e-01 -2.685431717384780814e-01 0.000000000000000000e+00 0.000000000000000000e+00 0.000000000000000000e+00 0.000000000000000000e+00
-3.351534071136871962e+00 1.046105616390064080e-01 -9.307444307116896631e-02 5.247696248136484165e-01 2.357751827433516856e-01 4.234020215956929567e-01 0.000000000000000000e+00 0.000000000000000000e+00 0.000000000000000000e+00 0.000000000000000000e+00
0.000000000000000000e+00 0.000000000000000000e+00 0.000000000000000000e+00 0.000000000000000000e+00 0.000000000000000000e+00 0.000000000000000000e+00 0.000000000000000000e+00 0.000000000000000000e+00 0.000000000000000000e+00 0.000000000000000000e+00
0.000000000000000000e+00 0.000000000000000000e+00 0.000000000000000000e+00 0.000000000000000000e+00 0.000000000000000000e+00 0.000000000000000000e+00 0.000000000000000000e+00 0.000000000000000000e+00 0.000000000000000000e+00 0.000000000000000000e+00
0.000000000000000000e+00 0.000000000000000000e+00 0.000000000000000000e+00 0.000000000000000000e+00 0.000000000000000000e+00 0.000000000000000000e+00 0.000000000000000000e+00 0.000000000000000000e+00 0.000000000000000000e+00 0.000000000000000000e+00
0.000000000000000000e+00 0.000000000000000000e+00 0.000000000000000000e+00 0.000000000000000000e+00 0.000000000000000000e+00 0.000000000000000000e+00 0.000000000000000000e+00 0.000000000000000000e+00 0.000000000000000000e+00 0.000000000000000000e+00
