9.940616518730758244e-01 -1.515285945867539570e-03 -4.648827608824208923e-02 9.712096466094131963e-03 -1.134180818722448497e-01 1.813252824230729074e-02 0.000000000000000000e+00 0.000000000000000000e+00 0.000000000000000000e+00 0.000000000000000000e+00
6.748200625411084896e-01 -3.997925560070418258e-03 9.550733002387208972e-03 -2.062224115552838480e-02 -6.817470172308250087e-02 1.456649036465676450e-02 0.000000000000000000e+00 0.000000000000000000e+00 0.000000000000000000e+00 0.000000000000000000e+00
-6.684574007149904351e-02 2.296045976406007813e-02 3.322568293395356323e-03 -3.816823386160719811e-02 3.028801453642902472e-02 -8.854379168624850957e-03 0.000000000000000000e+00 0.000000000000000000e+00 0.000000000000000000e+00 0.000000000000000000e+00
-6.761282843489127004e-01 2.090357963735932356e-02 -5.038396473065813626e-03 -1.049150201000171798e-02 8.631299139627973682e-02 -2.010393366826290426e-02 0.000000000000000000e+00 0.000000000000000000e+00 0.000000000000000000e+00 0.000000000000000000e+00
-1.598110182596419904e+00 -3.571646166325643384e-02 9.346105875805174601e-02 3.213977300567326389e-02 1.499623038122543384e-01 -1.582136460503784370e-02 0.000000000000000000e+00 0.000000000000000000e+00 0.000000000000000000e+00 0.000000000000000000e+00
2.641938497975496181e-01 -3.478837429389020769e-02 -6.879421256681812757e-02 1.028106937755041556e-01 -8.028692588269814578e-02 1.457724455988675984e-02 0.000000000000000000e+00 0.000000000000000000e+00 0.000000000000000000e+00 0.000000000000000000e+00
0.000000000000000000e+00 0.000000000000000000e+00 0.000000000000000000e+00 0.000000000000000000e+00 0.000000000000000000e+00 0.000000000000000000e+00 0.000000000000000000e+00 0.000000000000000000e+00 0.000000000000000000e+00 0.000000000000000000e+00
0.000000000000000000e+00 0.000000000000000000e+00 0.000000000000000000e+00 0.000000000000000000e+00 0.000000000000000000e+00 0.000000000000000000e+00 0.000000000000000000e+00 0.000000000000000000e+00 0.000000000000000000e+00 0.000000000000000000e+00
0.000000000000000000e+00 0.000000000000000000e+00 0.000000000000000000e+00 0.000000000000000000e+00 0.000000000000000000e+00 0.000000000000000000e+00 0.000000000000000000e+00 0.000000000000000000e+00 0.000000000000000000e+00 0.000000000000000000e+00
0.000000000000000000e+00 0.000000000000000000e+00 0.000000000000000000e+00 0.000000000000000000e+00 0.000000000000000000e+00 0.000000000000000000e+00 0.000000000000000000e+00 0.000000000000000000e+00 0.000000000000000000e+00 0.000000000000000000e+00
