-9.799999999999999822e-01
-9.602020202020201678e-01
-9.404040404040403534e-01
-9.206060606060606499e-01
-9.008080808080808355e-01
-8.810101010101010210e-01
-8.612121212121212066e-01
-8.414141414141413922e-01
-8.216161616161615777e-01
-8.018181818181817633e-01
-7.820202020202020599e-01
-7.622222222222222454e-01
-7.424242424242424310e-01
-7.226262626262626165e-01
-7.028282828282828021e-01
-6.830303030303030987e-01
-6.632323232323231732e-01
-6.434343434343434698e-01
-6.236363636363636553e-01
-6.038383838383838409e-01
-5.840404040404040265e-01
-5.642424242424242120e-01
-5.444444444444445086e-01
-5.246464646464645831e-01
-5.048484848484848797e-01
-4.850505050505050653e-01
-4.652525252525252508e-01
-4.454545454545454364e-01
-4.256565656565656219e-01
-4.058585858585859185e-01
-3.860606060606061041e-01
-3.662626262626262896e-01
-3.464646464646464752e-01
-3.266666666666666607e-01
-3.068686868686868463e-01
-2.870707070707070319e-01
-2.672727272727273284e-01
-2.474747474747475140e-01
-2.276767676767676996e-01
-2.078787878787878851e-01
-1.880808080808080707e-01
-1.682828282828282562e-01
-1.484848484848485528e-01
-1.286868686868687384e-01
-1.088888888888889239e-01
-8.909090909090910948e-02
-6.929292929292929504e-02
-4.949494949494948060e-02
-2.969696969696977717e-02
-9.898989898989962732e-03
9.898989898989851710e-03
2.969696969696977717e-02
4.949494949494948060e-02
6.929292929292918402e-02
8.909090909090910948e-02
1.088888888888888129e-01
1.286868686868687384e-01
1.484848484848484418e-01
1.682828282828281452e-01
1.880808080808080707e-01
2.078787878787877741e-01
2.276767676767676996e-01
2.474747474747474030e-01
2.672727272727273284e-01
2.870707070707070319e-01
3.068686868686867353e-01
3.266666666666666607e-01
3.464646464646463642e-01
3.662626262626262896e-01
3.860606060606059931e-01
4.058585858585859185e-01
4.256565656565656219e-01
4.454545454545453254e-01
4.652525252525252508e-01
4.850505050505049542e-01
5.048484848484848797e-01
5.246464646464645831e-01
5.444444444444442865e-01
5.642424242424242120e-01
5.840404040404039154e-01
6.038383838383838409e-01
6.236363636363635443e-01
6.434343434343434698e-01
6.632323232323231732e-01
6.830303030303028766e-01
7.028282828282828021e-01
7.226262626262625055e-01
7.424242424242424310e-01
7.622222222222221344e-01
7.820202020202020599e-01
8.018181818181817633e-01
8.216161616161614667e-01
8.414141414141413922e-01
8.612121212121210956e-01
8.810101010101010210e-01
9.008080808080807245e-01
9.206060606060604279e-01
9.404040404040403534e-01
9.602020202020200568e-01
9.799999999999999822e-01
