-9.899999999999999911e-01
-9.880180180180180294e-01
-9.860360360360360676e-01
-9.840540540540539949e-01
-9.820720720720720331e-01
-9.800900900900900714e-01
-9.781081081081081097e-01
-9.761261261261261479e-01
-9.741441441441441862e-01
-9.721621621621621134e-01
-9.701801801801801517e-01
-9.681981981981981900e-01
-9.662162162162162282e-01
-9.642342342342342665e-01
-9.622522522522521937e-01
-9.602702702702702320e-01
-9.582882882882882702e-01
-9.563063063063063085e-01
-9.543243243243243468e-01
-9.523423423423422740e-01
-9.503603603603603123e-01
-9.483783783783783505e-01
-9.463963963963963888e-01
-9.444144144144144271e-01
-9.424324324324324653e-01
-9.404504504504503926e-01
-9.384684684684684308e-01
-9.364864864864864691e-01
-9.345045045045045073e-01
-9.325225225225225456e-01
-9.305405405405404728e-01
-9.285585585585585111e-01
-9.265765765765765494e-01
-9.245945945945945876e-01
-9.226126126126126259e-01
-9.206306306306306642e-01
-9.186486486486485914e-01
-9.166666666666666297e-01
-9.146846846846846679e-01
-9.127027027027027062e-01
-9.107207207207207444e-01
-9.087387387387386717e-01
-9.067567567567567099e-01
-9.047747747747747482e-01
-9.027927927927927865e-01
-9.008108108108108247e-01
-8.988288288288288630e-01
-8.968468468468467902e-01
-8.948648648648648285e-01
-8.928828828828828668e-01
-8.909009009009009050e-01
-8.889189189189189433e-01
-8.869369369369368705e-01
-8.849549549549549088e-01
-8.829729729729729470e-01
-8.809909909909909853e-01
-8.790090090090090236e-01
-8.770270270270270618e-01
-8.750450450450449891e-01
-8.730630630630630273e-01
-8.710810810810810656e-01
-8.690990990990991039e-01
-8.671171171171171421e-01
-8.651351351351350694e-01
-8.631531531531531076e-01
-8.611711711711711459e-01
-8.591891891891891841e-01
-8.572072072072072224e-01
-8.552252252252252607e-01
-8.532432432432431879e-01
-8.512612612612612262e-01
-8.492792792792792644e-01
-8.472972972972973027e-01
-8.453153153153152299e-01
-8.433333333333332682e-01
-8.413513513513513065e-01
-8.393693693693693447e-01
-8.373873873873873830e-01
-8.354054054054054212e-01
-8.334234234234234595e-01
-8.314414414414413868e-01
-8.294594594594594250e-01
-8.274774774774774633e-01
-8.254954954954955015e-01
-8.235135135135134288e-01
-8.215315315315314670e-01
-8.195495495495495053e-01
-8.175675675675675436e-01
-8.155855855855855818e-01
-8.136036036036036201e-01
-8.116216216216216583e-01
-8.096396396396395856e-01
-8.076576576576576239e-01
-8.056756756756756621e-01
-8.036936936936937004e-01
-8.017117117117116276e-01
-7.997297297297296659e-01
-7.977477477477477041e-01
-7.957657657657657424e-01
-7.937837837837837807e-01
-7.918018018018018189e-01
-7.898198198198198572e-01
-7.878378378378377844e-01
-7.858558558558558227e-01
-7.838738738738738610e-01
-7.818918918918918992e-01
-7.799099099099098265e-01
-7.779279279279278647e-01
-7.759459459459459030e-01
-7.739639639639639412e-01
-7.719819819819819795e-01
-7.700000000000000178e-01
-7.680180180180180560e-01
-7.660360360360359833e-01
-7.640540540540540215e-01
-7.620720720720720598e-01
-7.600900900900900981e-01
-7.581081081081080253e-01
-7.561261261261260636e-01
-7.541441441441441018e-01
-7.521621621621621401e-01
-7.501801801801801783e-01
-7.481981981981982166e-01
-7.462162162162162549e-01
-7.442342342342341821e-01
-7.422522522522522204e-01
-7.402702702702702586e-01
-7.382882882882881859e-01
-7.363063063063062241e-01
-7.343243243243242624e-01
-7.323423423423423007e-01
-7.303603603603603389e-01
-7.283783783783783772e-01
-7.263963963963964154e-01
-7.244144144144144537e-01
-7.224324324324323809e-01
-7.204504504504504192e-01
-7.184684684684684575e-01
-7.164864864864863847e-01
-7.145045045045044230e-01
-7.125225225225224612e-01
-7.105405405405404995e-01
-7.085585585585585378e-01
-7.065765765765765760e-01
-7.045945945945946143e-01
-7.026126126126126525e-01
-7.006306306306305798e-01
-6.986486486486486180e-01
-6.966666666666666563e-01
-6.946846846846845835e-01
-6.927027027027026218e-01
-6.907207207207206601e-01
-6.887387387387386983e-01
-6.867567567567567366e-01
-6.847747747747747749e-01
-6.827927927927928131e-01
-6.808108108108108514e-01
-6.788288288288287786e-01
-6.768468468468468169e-01
-6.748648648648648551e-01
-6.728828828828827824e-01
-6.709009009009008206e-01
-6.689189189189188589e-01
-6.669369369369368972e-01
-6.649549549549549354e-01
-6.629729729729729737e-01
-6.609909909909910120e-01
-6.590090090090090502e-01
-6.570270270270269775e-01
-6.550450450450450157e-01
-6.530630630630630540e-01
-6.510810810810809812e-01
-6.490990990990990195e-01
-6.471171171171170577e-01
-6.451351351351350960e-01
-6.431531531531531343e-01
-6.411711711711711725e-01
-6.391891891891892108e-01
-6.372072072072072491e-01
-6.352252252252251763e-01
-6.332432432432432146e-01
-6.312612612612612528e-01
-6.292792792792791801e-01
-6.272972972972972183e-01
-6.253153153153152566e-01
-6.233333333333332948e-01
-6.213513513513513331e-01
-6.193693693693693714e-01
-6.173873873873874096e-01
-6.154054054054054479e-01
-6.134234234234233751e-01
-6.114414414414414134e-01
-6.094594594594594517e-01
-6.074774774774773789e-01
-6.054954954954954172e-01
-6.035135135135134554e-01
-6.015315315315314937e-01
-5.995495495495495319e-01
-5.975675675675675702e-01
-5.955855855855856085e-01
-5.936036036036036467e-01
-5.916216216216215740e-01
-5.896396396396396122e-01
-5.876576576576575395e-01
-5.856756756756755777e-01
-5.836936936936936160e-01
-5.817117117117116543e-01
-5.797297297297296925e-01
-5.777477477477477308e-01
-5.757657657657657690e-01
-5.737837837837838073e-01
-5.718018018018018456e-01
-5.698198198198197728e-01
-5.678378378378378111e-01
-5.658558558558557383e-01
-5.638738738738737766e-01
-5.618918918918918148e-01
-5.599099099099098531e-01
-5.579279279279278914e-01
-5.559459459459459296e-01
-5.539639639639639679e-01
-5.519819819819820061e-01
-5.499999999999999334e-01
-5.480180180180179716e-01
-5.460360360360360099e-01
-5.440540540540539372e-01
-5.420720720720719754e-01
-5.400900900900900137e-01
-5.381081081081080519e-01
-5.361261261261260902e-01
-5.341441441441441285e-01
-5.321621621621621667e-01
-5.301801801801802050e-01
-5.281981981981981322e-01
-5.262162162162161705e-01
-5.242342342342342087e-01
-5.222522522522521360e-01
-5.202702702702701743e-01
-5.182882882882882125e-01
-5.163063063063062508e-01
-5.143243243243242890e-01
-5.123423423423423273e-01
-5.103603603603603656e-01
-5.083783783783784038e-01
-5.063963963963963311e-01
-5.044144144144143693e-01
-5.024324324324324076e-01
-5.004504504504503348e-01
-4.984684684684684286e-01
-4.964864864864864669e-01
-4.945045045045044496e-01
-4.925225225225224879e-01
-4.905405405405404706e-01
-4.885585585585585644e-01
-4.865765765765764916e-01
-4.845945945945945299e-01
-4.826126126126125682e-01
-4.806306306306306064e-01
-4.786486486486486447e-01
-4.766666666666665719e-01
-4.746846846846846102e-01
-4.727027027027026485e-01
-4.707207207207206867e-01
-4.687387387387387250e-01
-4.667567567567567632e-01
-4.647747747747746905e-01
-4.627927927927927287e-01
-4.608108108108107670e-01
-4.588288288288288053e-01
-4.568468468468468435e-01
-4.548648648648647708e-01
-4.528828828828828090e-01
-4.509009009009008473e-01
-4.489189189189188856e-01
-4.469369369369369238e-01
-4.449549549549549621e-01
-4.429729729729728893e-01
-4.409909909909909276e-01
-4.390090090090089658e-01
-4.370270270270270041e-01
-4.350450450450450424e-01
-4.330630630630629696e-01
-4.310810810810810079e-01
-4.290990990990990461e-01
-4.271171171171170844e-01
-4.251351351351351227e-01
-4.231531531531530499e-01
-4.211711711711710882e-01
-4.191891891891891264e-01
-4.172072072072071647e-01
-4.152252252252252029e-01
-4.132432432432432412e-01
-4.112612612612611684e-01
-4.092792792792792067e-01
-4.072972972972972450e-01
-4.053153153153152832e-01
-4.033333333333333215e-01
-4.013513513513512487e-01
-3.993693693693692870e-01
-3.973873873873873253e-01
-3.954054054054053635e-01
-3.934234234234234018e-01
-3.914414414414414400e-01
-3.894594594594593673e-01
-3.874774774774774055e-01
-3.854954954954954438e-01
-3.835135135135134821e-01
-3.815315315315315203e-01
-3.795495495495494476e-01
-3.775675675675674858e-01
-3.755855855855855241e-01
-3.736036036036035624e-01
-3.716216216216216006e-01
-3.696396396396396389e-01
-3.676576576576575661e-01
-3.656756756756756044e-01
-3.636936936936936426e-01
-3.617117117117116809e-01
-3.597297297297297192e-01
-3.577477477477476464e-01
-3.557657657657656847e-01
-3.537837837837837229e-01
-3.518018018018017612e-01
-3.498198198198197995e-01
-3.478378378378378377e-01
-3.458558558558557650e-01
-3.438738738738738032e-01
-3.418918918918918415e-01
-3.399099099099098797e-01
-3.379279279279279180e-01
-3.359459459459458452e-01
-3.339639639639638835e-01
-3.319819819819819218e-01
-3.299999999999999600e-01
-3.280180180180179983e-01
-3.260360360360359255e-01
-3.240540540540539638e-01
-3.220720720720720021e-01
-3.200900900900900403e-01
-3.181081081081080786e-01
-3.161261261261261168e-01
-3.141441441441440441e-01
-3.121621621621620823e-01
-3.101801801801801206e-01
-3.081981981981981589e-01
-3.062162162162161971e-01
-3.042342342342341244e-01
-3.022522522522521626e-01
-3.002702702702702009e-01
-2.982882882882882392e-01
-2.963063063063062774e-01
-2.943243243243243157e-01
-2.923423423423422429e-01
-2.903603603603602812e-01
-2.883783783783783194e-01
-2.863963963963963577e-01
-2.844144144144143960e-01
-2.824324324324323232e-01
-2.804504504504503615e-01
-2.784684684684683997e-01
-2.764864864864864380e-01
-2.745045045045044763e-01
-2.725225225225225145e-01
-2.705405405405404418e-01
-2.685585585585584800e-01
-2.665765765765765183e-01
-2.645945945945945565e-01
-2.626126126126125948e-01
-2.606306306306305220e-01
-2.586486486486485603e-01
-2.566666666666665986e-01
-2.546846846846846368e-01
-2.527027027027026751e-01
-2.507207207207207134e-01
-2.487387387387386406e-01
-2.467567567567566789e-01
-2.447747747747747171e-01
-2.427927927927927554e-01
-2.408108108108107936e-01
-2.388288288288287209e-01
-2.368468468468467591e-01
-2.348648648648647974e-01
-2.328828828828828357e-01
-2.309009009009008739e-01
-2.289189189189189122e-01
-2.269369369369368394e-01
-2.249549549549548777e-01
-2.229729729729729160e-01
-2.209909909909909542e-01
-2.190090090090089925e-01
-2.170270270270269197e-01
-2.150450450450449580e-01
-2.130630630630629962e-01
-2.110810810810810345e-01
-2.090990990990990728e-01
-2.071171171171170000e-01
-2.051351351351350383e-01
-2.031531531531530765e-01
-2.011711711711711148e-01
-1.991891891891891531e-01
-1.972072072072071913e-01
-1.952252252252251186e-01
-1.932432432432431568e-01
-1.912612612612611951e-01
-1.892792792792792334e-01
-1.872972972972972716e-01
-1.853153153153151989e-01
-1.833333333333332371e-01
-1.813513513513512754e-01
-1.793693693693693136e-01
-1.773873873873873519e-01
-1.754054054054053902e-01
-1.734234234234233174e-01
-1.714414414414413557e-01
-1.694594594594593939e-01
-1.674774774774774322e-01
-1.654954954954954705e-01
-1.635135135135133977e-01
-1.615315315315314360e-01
-1.595495495495494742e-01
-1.575675675675675125e-01
-1.555855855855855507e-01
-1.536036036036035890e-01
-1.516216216216215162e-01
-1.496396396396395545e-01
-1.476576576576575928e-01
-1.456756756756756310e-01
-1.436936936936936693e-01
-1.417117117117115965e-01
-1.397297297297296348e-01
-1.377477477477476731e-01
-1.357657657657657113e-01
-1.337837837837837496e-01
-1.318018018018017878e-01
-1.298198198198197151e-01
-1.278378378378377533e-01
-1.258558558558557916e-01
-1.238738738738738299e-01
-1.218918918918918681e-01
-1.199099099099097954e-01
-1.179279279279278336e-01
-1.159459459459458719e-01
-1.139639639639639102e-01
-1.119819819819819484e-01
-1.099999999999998757e-01
-1.080180180180179139e-01
-1.060360360360359522e-01
-1.040540540540539904e-01
-1.020720720720720287e-01
-1.000900900900900670e-01
-9.810810810810799421e-02
-9.612612612612603247e-02
-9.414414414414407073e-02
-9.216216216216210899e-02
-9.018018018018014725e-02
-8.819819819819807449e-02
-8.621621621621611276e-02
-8.423423423423415102e-02
-8.225225225225218928e-02
-8.027027027027022754e-02
-7.828828828828826580e-02
-7.630630630630619304e-02
-7.432432432432423131e-02
-7.234234234234226957e-02
-7.036036036036030783e-02
-6.837837837837834609e-02
-6.639639639639627333e-02
-6.441441441441431159e-02
-6.243243243243234986e-02
-6.045045045045038812e-02
-5.846846846846842638e-02
-5.648648648648646464e-02
-5.450450450450439188e-02
-5.252252252252243014e-02
-5.054054054054046841e-02
-4.855855855855850667e-02
-4.657657657657654493e-02
-4.459459459459447217e-02
-4.261261261261251043e-02
-4.063063063063054869e-02
-3.864864864864858696e-02
-3.666666666666662522e-02
-3.468468468468466348e-02
-3.270270270270259072e-02
-3.072072072072062898e-02
-2.873873873873866724e-02
-2.675675675675670551e-02
-2.477477477477474377e-02
-2.279279279279267101e-02
-2.081081081081070927e-02
-1.882882882882874753e-02
-1.684684684684678579e-02
-1.486486486486482406e-02
-1.288288288288275130e-02
-1.090090090090078956e-02
-8.918918918918827821e-03
-6.936936936936866083e-03
-4.954954954954904345e-03
-2.972972972972942607e-03
-9.909909909908698467e-04
9.909909909910918913e-04
2.972972972973053629e-03
4.954954954955015367e-03
6.936936936936977105e-03
8.918918918919049865e-03
1.090090090090090058e-02
1.288288288288286232e-02
1.486486486486504610e-02
1.684684684684700784e-02
1.882882882882896958e-02
2.081081081081093132e-02
2.279279279279289305e-02
2.477477477477485479e-02
2.675675675675681653e-02
2.873873873873877827e-02
3.072072072072074000e-02
3.270270270270270174e-02
3.468468468468466348e-02
3.666666666666684726e-02
3.864864864864880900e-02
4.063063063063077074e-02
4.261261261261273248e-02
4.459459459459469421e-02
4.657657657657665595e-02
4.855855855855861769e-02
5.054054054054057943e-02
5.252252252252254117e-02
5.450450450450450290e-02
5.648648648648646464e-02
5.846846846846864842e-02
6.045045045045061016e-02
6.243243243243257190e-02
6.441441441441453364e-02
6.639639639639649538e-02
6.837837837837845711e-02
7.036036036036041885e-02
7.234234234234238059e-02
7.432432432432434233e-02
7.630630630630630407e-02
7.828828828828826580e-02
8.027027027027044959e-02
8.225225225225241132e-02
8.423423423423437306e-02
8.621621621621633480e-02
8.819819819819829654e-02
9.018018018018025828e-02
9.216216216216222001e-02
9.414414414414418175e-02
9.612612612612614349e-02
9.810810810810810523e-02
1.000900900900900670e-01
1.020720720720722507e-01
1.040540540540542125e-01
1.060360360360361742e-01
1.080180180180181360e-01
1.100000000000000977e-01
1.119819819819820594e-01
1.139639639639640212e-01
1.159459459459459829e-01
1.179279279279279447e-01
1.199099099099099064e-01
1.218918918918918681e-01
1.238738738738740519e-01
1.258558558558560136e-01
1.278378378378379754e-01
1.298198198198199371e-01
1.318018018018018989e-01
1.337837837837838606e-01
1.357657657657658223e-01
1.377477477477477841e-01
1.397297297297297458e-01
1.417117117117117076e-01
1.436936936936938913e-01
1.456756756756758531e-01
1.476576576576578148e-01
1.496396396396397765e-01
1.516216216216217383e-01
1.536036036036037000e-01
1.555855855855856618e-01
1.575675675675676235e-01
1.595495495495495852e-01
1.615315315315315470e-01
1.635135135135135087e-01
1.654954954954956925e-01
1.674774774774776542e-01
1.694594594594596160e-01
1.714414414414415777e-01
1.734234234234235394e-01
1.754054054054055012e-01
1.773873873873874629e-01
1.793693693693694247e-01
1.813513513513513864e-01
1.833333333333333481e-01
1.853153153153153099e-01
1.872972972972974937e-01
1.892792792792794554e-01
1.912612612612614171e-01
1.932432432432433789e-01
1.952252252252253406e-01
1.972072072072073023e-01
1.991891891891892641e-01
2.011711711711712258e-01
2.031531531531531876e-01
2.051351351351351493e-01
2.071171171171171110e-01
2.090990990990992948e-01
2.110810810810812566e-01
2.130630630630632183e-01
2.150450450450451800e-01
2.170270270270271418e-01
2.190090090090091035e-01
2.209909909909910652e-01
2.229729729729730270e-01
2.249549549549549887e-01
2.269369369369369505e-01
2.289189189189189122e-01
2.309009009009010960e-01
2.328828828828830577e-01
2.348648648648650195e-01
2.368468468468469812e-01
2.388288288288289429e-01
2.408108108108109047e-01
2.427927927927928664e-01
2.447747747747748281e-01
2.467567567567567899e-01
2.487387387387387516e-01
2.507207207207207134e-01
2.527027027027028971e-01
2.546846846846848589e-01
2.566666666666668206e-01
2.586486486486487824e-01
2.606306306306307441e-01
2.626126126126127058e-01
2.645945945945946676e-01
2.665765765765766293e-01
2.685585585585585910e-01
2.705405405405405528e-01
2.725225225225225145e-01
2.745045045045046983e-01
2.764864864864866600e-01
2.784684684684686218e-01
2.804504504504505835e-01
2.824324324324325453e-01
2.844144144144145070e-01
2.863963963963964687e-01
2.883783783783784305e-01
2.903603603603603922e-01
2.923423423423423539e-01
2.943243243243243157e-01
2.963063063063064995e-01
2.982882882882884612e-01
3.002702702702704229e-01
3.022522522522523847e-01
3.042342342342343464e-01
3.062162162162163082e-01
3.081981981981982699e-01
3.101801801801802316e-01
3.121621621621621934e-01
3.141441441441441551e-01
3.161261261261261168e-01
3.181081081081083006e-01
3.200900900900902624e-01
3.220720720720722241e-01
3.240540540540541858e-01
3.260360360360361476e-01
3.280180180180181093e-01
3.300000000000000711e-01
3.319819819819820328e-01
3.339639639639639945e-01
3.359459459459459563e-01
3.379279279279281401e-01
3.399099099099101018e-01
3.418918918918920635e-01
3.438738738738740253e-01
3.458558558558559870e-01
3.478378378378379487e-01
3.498198198198199105e-01
3.518018018018018722e-01
3.537837837837838340e-01
3.557657657657657957e-01
3.577477477477477574e-01
3.597297297297299412e-01
3.617117117117119030e-01
3.636936936936938647e-01
3.656756756756758264e-01
3.676576576576577882e-01
3.696396396396397499e-01
3.716216216216217116e-01
3.736036036036036734e-01
3.755855855855856351e-01
3.775675675675675969e-01
3.795495495495495586e-01
3.815315315315317424e-01
3.835135135135137041e-01
3.854954954954956658e-01
3.874774774774776276e-01
3.894594594594595893e-01
3.914414414414415511e-01
3.934234234234235128e-01
3.954054054054054745e-01
3.973873873873874363e-01
3.993693693693693980e-01
4.013513513513513598e-01
4.033333333333335435e-01
4.053153153153155053e-01
4.072972972972974670e-01
4.092792792792794287e-01
4.112612612612613905e-01
4.132432432432433522e-01
4.152252252252253140e-01
4.172072072072072757e-01
4.191891891891892374e-01
4.211711711711711992e-01
4.231531531531531609e-01
4.251351351351353447e-01
4.271171171171173064e-01
4.290990990990992682e-01
4.310810810810812299e-01
4.330630630630631916e-01
4.350450450450451534e-01
4.370270270270271151e-01
4.390090090090090769e-01
4.409909909909910386e-01
4.429729729729730003e-01
4.449549549549549621e-01
4.469369369369371459e-01
4.489189189189191076e-01
4.509009009009010693e-01
4.528828828828830311e-01
4.548648648648649928e-01
4.568468468468469545e-01
4.588288288288289163e-01
4.608108108108108780e-01
4.627927927927928398e-01
4.647747747747748015e-01
4.667567567567567632e-01
4.687387387387389470e-01
4.707207207207209088e-01
4.727027027027028705e-01
4.746846846846848322e-01
4.766666666666667940e-01
4.786486486486487557e-01
4.806306306306307174e-01
4.826126126126126792e-01
4.845945945945946409e-01
4.865765765765766027e-01
4.885585585585585644e-01
4.905405405405407482e-01
4.925225225225227099e-01
4.945045045045046717e-01
4.964864864864866334e-01
4.984684684684685951e-01
5.004504504504505569e-01
5.024324324324325186e-01
5.044144144144144803e-01
5.063963963963964421e-01
5.083783783783784038e-01
5.103603603603603656e-01
5.123423423423425493e-01
5.143243243243245111e-01
5.163063063063064728e-01
5.182882882882884346e-01
5.202702702702703963e-01
5.222522522522523580e-01
5.242342342342343198e-01
5.262162162162162815e-01
5.281981981981982432e-01
5.301801801801802050e-01
5.321621621621621667e-01
5.341441441441443505e-01
5.361261261261263122e-01
5.381081081081082740e-01
5.400900900900902357e-01
5.420720720720721975e-01
5.440540540540541592e-01
5.460360360360361209e-01
5.480180180180180827e-01
5.500000000000000444e-01
5.519819819819820061e-01
5.539639639639641899e-01
5.559459459459461517e-01
5.579279279279281134e-01
5.599099099099100751e-01
5.618918918918920369e-01
5.638738738738739986e-01
5.658558558558559604e-01
5.678378378378379221e-01
5.698198198198198838e-01
5.718018018018018456e-01
5.737837837837838073e-01
5.757657657657659911e-01
5.777477477477479528e-01
5.797297297297299146e-01
5.817117117117118763e-01
5.836936936936938380e-01
5.856756756756757998e-01
5.876576576576577615e-01
5.896396396396397233e-01
5.916216216216216850e-01
5.936036036036036467e-01
5.955855855855856085e-01
5.975675675675677923e-01
5.995495495495497540e-01
6.015315315315317157e-01
6.035135135135136775e-01
6.054954954954956392e-01
6.074774774774776009e-01
6.094594594594595627e-01
6.114414414414415244e-01
6.134234234234234862e-01
6.154054054054054479e-01
6.173873873873874096e-01
6.193693693693695934e-01
6.213513513513515552e-01
6.233333333333335169e-01
6.253153153153154786e-01
6.272972972972974404e-01
6.292792792792794021e-01
6.312612612612613638e-01
6.332432432432433256e-01
6.352252252252252873e-01
6.372072072072072491e-01
6.391891891891892108e-01
6.411711711711713946e-01
6.431531531531533563e-01
6.451351351351353181e-01
6.471171171171172798e-01
6.490990990990992415e-01
6.510810810810812033e-01
6.530630630630631650e-01
6.550450450450451267e-01
6.570270270270270885e-01
6.590090090090090502e-01
6.609909909909910120e-01
6.629729729729731957e-01
6.649549549549551575e-01
6.669369369369371192e-01
6.689189189189190810e-01
6.709009009009010427e-01
6.728828828828830044e-01
6.748648648648649662e-01
6.768468468468469279e-01
6.788288288288288896e-01
6.808108108108108514e-01
6.827927927927928131e-01
6.847747747747749969e-01
6.867567567567569586e-01
6.887387387387389204e-01
6.907207207207208821e-01
6.927027027027028439e-01
6.946846846846848056e-01
6.966666666666667673e-01
6.986486486486487291e-01
7.006306306306306908e-01
7.026126126126126525e-01
7.045945945945946143e-01
7.065765765765767981e-01
7.085585585585587598e-01
7.105405405405407215e-01
7.125225225225226833e-01
7.145045045045046450e-01
7.164864864864866068e-01
7.184684684684685685e-01
7.204504504504505302e-01
7.224324324324324920e-01
7.244144144144144537e-01
7.263963963963964154e-01
7.283783783783785992e-01
7.303603603603605610e-01
7.323423423423425227e-01
7.343243243243244844e-01
7.363063063063064462e-01
7.382882882882884079e-01
7.402702702702703697e-01
7.422522522522523314e-01
7.442342342342342931e-01
7.462162162162162549e-01
7.481981981981984386e-01
7.501801801801804004e-01
7.521621621621623621e-01
7.541441441441443239e-01
7.561261261261262856e-01
7.581081081081082473e-01
7.600900900900902091e-01
7.620720720720721708e-01
7.640540540540541325e-01
7.660360360360360943e-01
7.680180180180180560e-01
7.700000000000002398e-01
7.719819819819822015e-01
7.739639639639641633e-01
7.759459459459461250e-01
7.779279279279280868e-01
7.799099099099100485e-01
7.818918918918920102e-01
7.838738738738739720e-01
7.858558558558559337e-01
7.878378378378378954e-01
7.898198198198198572e-01
7.918018018018020410e-01
7.937837837837840027e-01
7.957657657657659644e-01
7.977477477477479262e-01
7.997297297297298879e-01
8.017117117117118497e-01
8.036936936936938114e-01
8.056756756756757731e-01
8.076576576576577349e-01
8.096396396396396966e-01
8.116216216216216583e-01
8.136036036036038421e-01
8.155855855855858039e-01
8.175675675675677656e-01
8.195495495495497273e-01
8.215315315315316891e-01
8.235135135135136508e-01
8.254954954954956126e-01
8.274774774774775743e-01
8.294594594594595360e-01
8.314414414414414978e-01
8.334234234234234595e-01
8.354054054054056433e-01
8.373873873873876050e-01
8.393693693693695668e-01
8.413513513513515285e-01
8.433333333333334902e-01
8.453153153153154520e-01
8.472972972972974137e-01
8.492792792792793755e-01
8.512612612612613372e-01
8.532432432432432989e-01
8.552252252252252607e-01
8.572072072072074445e-01
8.591891891891894062e-01
8.611711711711713679e-01
8.631531531531533297e-01
8.651351351351352914e-01
8.671171171171172531e-01
8.690990990990992149e-01
8.710810810810811766e-01
8.730630630630631384e-01
8.750450450450451001e-01
8.770270270270270618e-01
8.790090090090092456e-01
8.809909909909912074e-01
8.829729729729731691e-01
8.849549549549551308e-01
8.869369369369370926e-01
8.889189189189190543e-01
8.909009009009010160e-01
8.928828828828829778e-01
8.948648648648649395e-01
8.968468468468469013e-01
8.988288288288288630e-01
9.008108108108110468e-01
9.027927927927930085e-01
9.047747747747749703e-01
9.067567567567569320e-01
9.087387387387388937e-01
9.107207207207208555e-01
9.127027027027028172e-01
9.146846846846847789e-01
9.166666666666667407e-01
9.186486486486487024e-01
9.206306306306306642e-01
9.226126126126128479e-01
9.245945945945948097e-01
9.265765765765767714e-01
9.285585585585587332e-01
9.305405405405406949e-01
9.325225225225226566e-01
9.345045045045046184e-01
9.364864864864865801e-01
9.384684684684685418e-01
9.404504504504505036e-01
9.424324324324326874e-01
9.444144144144146491e-01
9.463963963963966108e-01
9.483783783783785726e-01
9.503603603603605343e-01
9.523423423423424961e-01
9.543243243243244578e-01
9.563063063063064195e-01
9.582882882882883813e-01
9.602702702702703430e-01
9.622522522522523047e-01
9.642342342342344885e-01
9.662162162162164503e-01
9.681981981981984120e-01
9.701801801801803737e-01
9.721621621621623355e-01
9.741441441441442972e-01
9.761261261261262590e-01
9.781081081081082207e-01
9.800900900900901824e-01
9.820720720720721442e-01
9.840540540540541059e-01
9.860360360360362897e-01
9.880180180180182514e-01
9.899999999999999911e-01
